1 617
1 601
2 598
2 605
3 597
4 602
4 608
5 608
5 604
6 605
7 618
7 610
8 616
8 599
9 603
10 572
10 577
11 574
11 582
12 589
13 603
13 607
14 597
14 611
15 604
16 602
16 593
17 602
17 600
18 605
19 595
19 599
20 598
20 603
21 596
22 588
22 589
23 593
23 588
24 600
25 601
25 606
26 612
26 600
27 604
28 604
28 599
29 586
29 589
30 601
31 609
31 601
32 599
32 609
33 609
34 606
34 603
35 608
35 605
36 597
37 595
37 606
38 608
38 605
39 598
40 609
40 619
41 624
41 605
42 611
43 602
43 600
44 589
44 596
45 596
46 598
46 597
47 595
47 608
48 618
49 620
49 610
50 621
51 628
51 618
52 598
52 615
53 602
54 605
54 594
55 610
55 609
56 611
57 601
57 612
58 618
58 630
59 602
60 604
60 601
61 601
61 592
62 598
63 601
63 575
64 569
64 575
65 571
66 582
66 576
67 576
67 568
68 574
68 580
69 587
70 589
70 590
71 605
71 609
72 610
73 599
73 613
74 616
74 632
75 606
76 614
76 616
77 631
78 631
78 620
79 627
79 625
80 624
81 623
81 636
82 646
83 658
83 660
84 637
85 651
85 653
86 651
87 637
87 612
88 621
88 618
89 624
90 606
90 634
91 636
92 645
92 619
93 626
93 623
94 627
95 612
95 624
96 614
96 616
97 592
98 611
98 616
99 611
99 590
100 585
101 586
101 614
102 619
102 599
103 575
104 571
104 569
105 541
105 537
106 535
106 544
107 557
108 577
108 592
109 607
109 619
110 583
110 576
111 588
112 593
112 619
113 653
114 638
114 676
115 686
116 695
116 657
117 650
118 696
118 697
119 694
120 678
120 641
121 619
122 584
122 561
123 557
123 547
124 551
124 555
125 572
125 605
126 613
127 634
127 631
128 636
129 630
129 626
130 620
130 611
131 603
132 588
132 602
133 589
133 586
134 582
135 585
135 590
136 597
136 597
137 586
138 591
138 595
139 590
139 594
140 587
141 590
141 574
142 572
142 559
143 559
143 562
144 569
145 572
145 583
146 583
146 586
147 580
147 580
148 590
149 598
149 604
150 601
150 584
151 588
152 583
152 594
153 603
153 611
154 597
155 597
155 600
156 596
156 596
157 603
158 630
158 641
159 645
160 649
160 654
161 657
161 630
162 640
163 638
163 617
164 610
165 630
165 622
166 626
166 628
167 617
168 632
168 638
169 636
170 627
170 648
171 650
172 639
172 648
173 644
173 625
174 634
175 627
175 626
176 616
177 630
177 629
178 631
178 616
179 636
180 642
180 632
181 623
182 638
182 216
182 423
183 636
184 613
184 626
185 628
185 613
186 598
187 597
187 608
188 601
188 594
189 561
190 573
190 567
191 582
191 570
192 574
192 580
193 583
194 601
194 583
195 584
195 578
196 590
197 587
197 578
198 574
198 576
199 586
199 598
200 622
201 646
201 649
202 652
203 625
203 620
204 605
204 595
205 586
206 587
206 590
207 594
207 611
208 605
209 483
209 116
209 617
210 606
210 592
211 591
212 582
212 579
213 576
213 578
214 576
215 583
215 585
216 581
216 589
217 591
217 594
218 591
219 594
219 591
220 584
220 581
221 594
222 590
222 580
223 584
223 589
224 592
225 601
225 583
226 592
226 590
227 589
227 567
228 578
229 570
229 582
230 566
230 552
231 549
231 541
232 536
232 533
233 534
234 546
234 542
235 553
235 557
236 566
236 569
237 578
237 573
238 585
239 584
239 585
240 574
240 587
241 581
242 582
242 573
243 589
243 584
244 586
244 584
245 597
246 600
246 590
247 594
247 601
248 610
249 599
249 612
250 607
250 619
251 602
252 590
252 596
253 599
253 585
254 581
255 589
255 597
256 612
256 599
257 601
258 601
258 604
259 585
259 586
260 595
261 582
261 569
262 578
262 574
263 585
263 572
264 578
265 586
265 587
266 576
266 577
267 580
268 584
268 584
269 583
269 596
270 588
270 583
271 582
272 588
272 585
273 576
273 569
274 580
275 575
275 588
276 578
276 590
277 594
277 601
278 588
279 589
279 597
280 591
280 579
281 574
282 573
282 576
283 573
283 583
284 590
284 602
285 595
286 598
286 593
287 590
287 581
288 589
289 608
289 600
290 581
290 596
291 595
292 598
292 580
293 591
293 595
294 586
295 569
295 584
296 586
296 602
297 574
297 570
298 569
299 567
299 564
300 564
300 568
301 565
301 562
302 559
303 567
303 565
304 562
304 566
305 576
305 573
306 565
307 562
307 575
308 568
308 572
309 567
309 585
310 587
311 585
311 576
312 589
312 581
313 571
313 568
314 585
315 589
315 594
316 586
316 592
317 600
318 590
318 571
319 555
319 561
320 564
320 564
321 559
322 576
322 584
323 586
323 585
324 593
324 588
325 583
326 574
326 582
327 583
327 610
328 599
329 619
329 615
330 621
330 601
331 610
332 609
332 597
333 587
333 596
334 602
335 593
335 575
336 587
336 594
337 611
338 593
338 585
339 583
339 593
340 582
341 581
341 580
342 586
342 573
343 568
343 564
344 566
345 561
345 569
346 574
346 580
347 571
347 574
348 583
349 576
349 551
350 544
350 536
351 534
351 536
352 529
352 534
353 529
353 545
354 558
355 579
355 588
356 579
356 592
357 599
357 602
358 600
359 610
359 621
360 607
361 597
361 611
362 604
362 598
363 582
363 563
364 567
365 587
365 604
366 647
367 656
367 646
368 639
368 630
369 620
370 603
370 587
371 596
371 595
372 609
373 602
373 619
374 629
375 644
375 617
376 612
376 613
377 615
378 609
378 607
379 601
379 610
380 600
381 617
381 633
382 624
383 603
383 608
384 597
384 593
385 587
385 588
386 595
387 616
387 616
388 595
389 600
389 601
390 614
390 591
391 594
392 603
392 594
393 587
393 584
394 593
394 605
395 608
396 601
396 603
397 598
397 583
398 595
399 583
399 559
400 554
400 551
401 542
401 550
402 552
403 562
403 546
404 555
404 556
405 560
405 561
406 566
406 567
407 577
408 583
408 586
409 587
409 579
410 581
410 568
411 573
412 568
412 583
413 569
413 569
414 556
414 539
415 542
416 541
416 535
417 549
417 561
418 566
418 557
419 559
419 562
420 573
421 588
421 569
422 580
422 578
423 589
423 567
424 569
425 574
425 592
426 587
426 581
427 593
428 603
428 592
429 592
429 587
430 588
430 574
431 584
432 576
432 576
433 565
433 586
434 582
435 608
435 600
436 610
436 627
437 637
438 613
438 625
439 617
440 607
440 597
441 605
441 596
442 601
442 579
443 591
444 592
444 600
445 590
445 603
446 595
447 593
447 588
448 596
448 589
449 588
450 568
450 572
451 576
451 578
452 570
452 565
453 577
454 577
454 577
455 579
455 585
456 585
456 574
457 566
458 584
458 581
459 582
459 567
460 568
461 573
461 582
462 575
462 573
463 587
463 595
464 604
465 585
465 597
466 603
466 606
467 585
468 592
468 584
469 592
469 574
470 579
471 575
471 584
472 574
472 575
473 589
473 601
474 592
475 557
475 563
476 557
476 560
477 541
477 533
478 543
478 553
479 571
480 587
480 603
481 617
481 631
482 621
483 626
483 619
484 616
485 596
485 601
486 602
486 603
487 584
487 588
488 598
489 604
489 609
490 588
490 595
491 593
492 600
492 597
493 597
493 607
494 626
495 620
495 617
496 626
497 624
497 605
498 609
498 612
499 595
500 584
500 596
501 598
501 617
502 613
503 606
503 616
504 615
504 610
505 605
506 596
506 589
507 573
507 582
508 575
509 587
509 576
510 594
510 594
511 592
512 580
512 595
513 588
513 575
514 564
514 564
515 558
516 565
516 564
517 574
517 590
518 603
518 587
519 563
520 548
520 552
521 556
521 561
522 560
522 568
523 565
523 573
524 571
525 566
525 573
526 587
526 594
527 595
528 607
528 607
529 609
529 590
530 607
531 598
531 606
532 594
532 595
533 601
534 606
534 598
535 590
535 594
536 595
537 594
537 587
538 604
538 598
539 596
540 577
540 586
541 585
541 595
542 592
542 608
543 609
544 612
544 610
545 610
546 613
546 622
547 606
547 608
548 618
549 619
549 610
550 610
550 614
551 616
552 612
552 601
553 615
554 616
554 611
555 603
555 614
556 602
557 614
557 607
558 613
558 616
559 612
560 593
560 597
561 605
561 611
562 599
563 585
563 591
564 588
564 578
565 575
566 587
566 589
567 582
567 588
568 598
568 587
569 574
570 578
570 569
571 564
571 555
572 570
572 572
573 583
574 593
574 621
575 631
575 626
576 600
577 606
577 603
578 603
578 580
579 592
580 610
580 610
581 596
581 595
582 603
583 603
583 600
584 584
584 600
585 599
586 583
586 597
587 604
587 610
588 602
589 617
589 618
590 623
591 599
591 610
592 600
592 597
593 583
594 588
594 594
595 606
595 589
596 605
597 609
597 617
598 601
598 611
599 608
600 617
600 588
601 587
601 608
602 615
603 636
603 643
604 620
605 640
605 622
606 601
606 565
607 573
607 573
608 580
609 596
609 576
610 592
610 602
611 613
612 603
612 594
613 602
613 596
614 597
615 586
615 596
616 600
616 613
617 601
618 612
618 616
619 615
619 603
620 600
621 603
621 606
622 598
622 587
623 607
624 601
624 614
625 601
625 618
626 614
627 617
627 604
628 592
628 596
629 588
630 592
630 581
631 586
631 580
632 591
633 589
633 589
634 589
634 586
635 586
636 572
636 570
637 560
637 563
638 556
638 555
639 558
639 561
640 560
641 558
641 576
642 567
642 562
643 550
643 558
644 561
644 565
645 555
646 553
646 565
647 572
647 587
648 573
648 584
649 590
650 601
650 588
651 587
651 603
652 593
653 572
653 571
654 601
654 609
655 592
656 586
656 602
657 603
657 608
658 585
659 611
659 620
660 631
660 629
661 616
662 596
662 582
663 568
663 544
664 543
664 539
665 550
666 581
666 580
667 604
667 622
668 646
669 637
669 659
670 663
671 672
671 662
672 631
673 617
673 603
674 602
674 614
675 596
676 593
676 602
677 606
677 616
678 613
679 619
679 626
680 637
681 639
681 619
682 632
682 621
683 624
684 614
684 618
685 626
686 629
686 627
687 607
687 619
688 617
689 622
689 609
690 602
690 608
691 614
692 616
692 604
693 608
693 601
694 612
695 631
695 619
696 633
697 636
697 635
698 625
698 613
699 619
700 617
